Rk,School,Conf,,AP Rank,W,L,Pts,Opp,MOV,,SOS,,OSRS,DSRS,SRS,ORtg,DRtg,NRtg
1,Gonzaga,WCC,,1,26,3,87.8,65.3,22.48,,4.24,,20.41,6.31,26.73,122.60,86.05,36.55
2,Arizona,Pac-12,,2,31,3,84.6,67.5,17.03,,6.97,,18.40,5.60,24.00,120.56,87.62,32.93
3,Houston,AAC,,15,29,5,75.8,58.9,16.94,,5.36,,8.56,13.74,22.30,119.04,85.59,33.44
4,Baylor,Big 12,,4,26,6,76.5,63.6,12.88,,9.08,,11.86,10.10,21.96,118.80,87.04,31.76
5,Kentucky,SEC,,7,26,7,79.5,66.0,13.45,,8.40,,13.51,8.35,21.86,121.14,90.18,30.96
6,Kansas,Big 12,,3,28,6,78.6,68.1,10.44,,11.41,,16.05,5.80,21.85,121.64,90.48,31.16
7,Tennessee,SEC,,5,26,7,73.2,62.8,10.42,,10.42,,8.18,12.66,20.84,114.03,83.50,30.52
8,Auburn,SEC,,8,27,5,78.7,67.0,11.69,,8.71,,12.86,7.53,20.39,114.45,85.72,28.73
9,UCLA,Pac-12,,11,25,7,76.4,64.8,11.56,,8.80,,10.42,9.95,20.36,117.62,88.08,29.54
10,Texas Tech,Big 12,,12,25,9,71.7,60.3,11.38,,8.59,,6.43,13.54,19.97,112.38,83.01,29.36
11,Iowa,Big Ten,,16,26,9,83.8,71.3,12.49,,7.33,,17.42,2.39,19.82,123.08,95.10,27.98
12,Purdue,Big Ten,,10,27,7,79.8,68.8,11.03,,8.73,,13.66,6.11,19.76,123.11,94.26,28.85
13,Villanova,Big East,,6,26,7,72.6,63.1,9.55,,9.92,,6.57,12.90,19.47,119.58,90.15,29.43
14,Duke,ACC,,9,28,6,80.2,67.1,13.03,,6.12,,12.73,6.42,19.15,119.90,92.05,27.85
15,Louisiana State,SEC,,,22,11,73.1,63.5,9.58,,8.48,,6.44,11.61,18.05,109.38,83.89,25.49
16,Illinois,Big Ten,,19,22,9,75.8,67.6,8.13,,9.64,,10.06,7.71,17.77,116.57,90.51,26.06
17,Connecticut,Big East,,21,23,9,75.2,65.2,10.03,,7.20,,8.71,8.52,17.23,115.44,90.89,24.55
18,Texas,Big 12,,25,21,11,68.3,59.6,8.72,,8.51,,2.89,14.33,17.22,112.99,86.57,26.41
19,Arkansas,SEC,,17,25,8,76.9,68.5,8.39,,8.11,,11.05,5.45,16.50,112.00,88.55,23.45
20,Alabama,SEC,,,19,13,80.0,76.4,3.56,,11.94,,15.38,0.12,15.51,117.40,95.12,22.27
21,San Francisco,WCC,,,24,9,77.1,67.0,10.03,,5.47,,8.06,6.73,14.78,111.57,90.60,20.97
22,Saint Mary's (CA),WCC,,18,25,7,69.8,60.5,9.25,,6.40,,1.36,13.40,14.75,110.29,88.31,21.97
23,Oklahoma,Big 12,,,19,15,69.1,64.9,4.21,,10.26,,4.82,9.65,14.47,112.02,91.11,20.91
24,Memphis,AAC,,,21,10,75.4,68.4,7.03,,7.37,,9.35,5.05,14.40,111.26,90.83,20.43
25,Ohio State,Big Ten,,,19,11,73.8,68.5,5.33,,9.03,,8.77,5.59,14.36,118.11,96.72,21.39
26,Loyola (IL),MVC,,,25,7,73.8,61.7,12.09,,2.94,,4.61,9.56,14.17,112.70,90.96,21.74
27,Virginia Tech,ACC,,,23,12,70.7,62.3,8.46,,5.71,,3.67,10.49,14.17,114.99,93.47,21.53
28,Michigan,Big Ten,,,17,14,73.0,69.9,3.16,,10.92,,7.50,6.59,14.08,115.35,95.05,20.31
29,Indiana,Big Ten,,,21,13,71.3,65.7,5.62,,8.28,,4.85,9.05,13.90,108.95,88.50,20.45
30,Seton Hall,Big East,,,21,10,72.9,66.3,6.58,,8.62,,5.60,8.28,13.88,109.82,90.01,19.81
31,Wisconsin,Big Ten,,14,24,7,70.7,66.5,4.16,,9.69,,5.30,8.55,13.85,111.38,90.91,20.47
32,Michigan State,Big Ten,,,22,12,72.1,68.4,3.65,,10.12,,7.01,6.76,13.77,111.89,92.17,19.73
33,San Diego State,MWC,,,23,8,65.3,57.7,7.61,,6.12,,-0.53,14.26,13.74,103.92,83.37,20.56
34,Oklahoma State,Big 12,,,15,15,68.4,65.7,2.70,,10.60,,4.02,9.28,13.30,105.22,85.92,19.31
35,Wake Forest,ACC,,,23,9,79.5,70.2,9.25,,4.02,,10.54,2.73,13.27,112.26,93.65,18.61
36,Southern California,Pac-12,,22,26,7,72.6,65.9,6.67,,6.47,,5.85,7.29,13.14,111.45,92.67,18.78
37,North Carolina,ACC,,,24,9,77.5,71.7,5.79,,7.32,,11.48,1.63,13.11,113.83,94.37,19.45
38,Xavier,Big East,,,19,13,73.9,69.2,4.69,,8.29,,8.45,4.53,12.98,111.53,93.10,18.43
39,TCU,Big 12,,,20,12,68.1,65.0,3.09,,9.80,,3.20,9.69,12.89,109.86,90.82,19.05
40,Florida,SEC,,,19,13,70.8,66.1,4.69,,8.08,,5.06,7.70,12.76,111.92,93.66,18.26
41,Washington State,Pac-12,,,20,14,71.6,64.9,6.74,,6.02,,3.93,8.82,12.75,109.31,90.82,18.49
42,Boise State,MWC,,23,27,7,68.7,60.8,7.94,,5.37,,2.28,10.33,12.61,109.63,90.77,18.87
43,Marquette,Big East,,,19,12,74.4,70.9,3.52,,9.02,,9.60,2.94,12.54,110.20,92.06,18.14
44,Iowa State,Big 12,,,20,12,66.5,63.0,3.47,,8.96,,1.36,11.07,12.43,105.90,87.33,18.56
45,Mississippi State,SEC,,,18,15,70.9,66.4,4.45,,7.91,,4.83,7.54,12.36,111.62,93.19,18.43
46,Providence,Big East,,13,25,5,71.8,67.0,4.80,,7.47,,6.23,6.04,12.27,111.76,93.94,17.82
47,Colorado State,MWC,,24,25,5,73.7,65.7,8.00,,4.86,,6.74,5.50,12.24,115.70,97.33,18.38
48,Texas A&M,SEC,,,24,12,72.8,66.7,6.11,,7.27,,4.95,7.17,12.13,109.20,91.57,17.63
49,St. John's (NY),Big East,,,17,15,79.6,74.2,5.44,,6.64,,13.28,-1.21,12.07,111.43,94.54,16.89
50,Southern Methodist,AAC,,,23,8,74.4,67.2,7.19,,4.59,,6.82,4.96,11.78,110.35,93.21,17.14
51,Creighton,Big East,,,22,11,69.0,65.9,3.09,,8.33,,2.74,8.68,11.42,106.20,89.99,16.21
52,Vanderbilt,SEC,,,18,16,70.7,67.6,3.12,,8.25,,4.30,7.07,11.36,107.99,91.46,16.53
53,Notre Dame,ACC,,,22,10,72.5,66.8,5.66,,6.10,,5.32,5.78,11.10,112.90,96.01,16.89
54,UAB,CUSA,,,27,7,80.7,66.3,14.38,,-0.71,,9.19,1.92,11.10,111.81,95.96,15.85
55,Oregon,Pac-12,,,20,14,72.7,69.6,3.15,,8.38,,7.22,3.67,10.89,111.40,95.86,15.54
56,Utah State,MWC,,,18,16,73.4,66.9,6.59,,4.98,,6.10,4.76,10.86,110.87,94.74,16.13
57,Kansas State,Big 12,,,14,17,69.0,67.5,1.55,,9.21,,4.38,6.37,10.75,109.70,93.74,15.96
58,Davidson,A-10,,,27,6,75.6,65.8,9.82,,1.72,,6.14,4.39,10.53,116.43,100.25,16.19
59,Saint Louis,A-10,,,23,11,76.4,67.5,8.88,,3.54,,6.58,3.90,10.48,109.98,94.41,15.57
60,Murray State,OVC,,20,30,2,79.3,62.3,17.03,,-3.61,,3.81,6.58,10.39,110.20,94.16,16.03
61,Colorado,Pac-12,,,21,12,71.1,67.4,3.67,,6.70,,4.22,6.15,10.37,107.83,93.15,14.68
62,West Virginia,Big 12,,,16,17,68.5,69.0,-0.52,,10.80,,4.70,5.58,10.28,108.88,93.62,15.26
63,Brigham Young,WCC,,,22,10,73.7,67.9,5.81,,5.59,,5.93,4.26,10.19,109.78,94.08,15.70
64,Dayton,A-10,,,23,10,69.1,61.2,7.97,,2.19,,-0.03,10.18,10.16,110.16,93.95,16.22
65,Miami (FL),ACC,,,23,10,74.8,71.0,3.79,,6.31,,8.55,1.55,10.10,114.86,100.01,14.85
66,Virginia Commonwealth,A-10,,,22,9,66.8,61.8,5.00,,4.99,,-0.11,10.10,9.99,100.99,86.56,14.43
67,Syracuse,ACC,,,16,17,77.4,75.1,2.30,,7.59,,11.04,-1.14,9.89,115.09,100.84,14.25
68,Wyoming,MWC,,,25,9,72.5,65.5,7.03,,4.12,,4.41,5.47,9.87,110.06,94.96,15.10
69,Maryland,Big Ten,,,15,17,70.9,70.7,0.22,,9.53,,5.27,4.48,9.75,110.54,96.25,14.30
70,Northwestern,Big Ten,,,15,16,73.0,69.9,3.03,,7.57,,5.26,4.11,9.37,107.58,93.89,13.69
71,Santa Clara,WCC,,,21,12,77.3,71.9,5.36,,3.97,,10.74,-1.41,9.33,111.78,98.39,13.38
72,Clemson,ACC,,,17,16,71.7,68.5,3.27,,6.05,,4.95,4.38,9.32,111.38,97.42,13.96
73,Rutgers,Big Ten,,,18,13,67.9,65.8,2.10,,7.09,,0.90,8.29,9.19,106.94,93.19,13.75
74,Penn State,Big Ten,,,14,17,64.6,65.0,-0.39,,9.54,,-1.84,11.00,9.15,107.56,94.00,13.56
75,North Texas,CUSA,,,25,6,65.0,55.2,9.74,,1.09,,-6.71,15.84,9.13,105.50,90.14,15.36
76,Fresno State,MWC,,,19,13,64.7,58.5,6.16,,3.05,,-3.47,12.23,8.76,106.07,92.04,14.03
77,Missouri State,MVC,,,23,11,77.3,68.9,8.41,,1.40,,6.78,1.86,8.64,112.84,99.71,13.13
78,Wichita State,AAC,,,15,13,68.5,66.4,2.11,,6.22,,2.41,5.91,8.33,104.82,92.38,12.44
79,Virginia,ACC,,,19,13,62.6,60.2,2.38,,5.92,,-5.20,13.49,8.29,107.58,94.60,12.98
80,St. Bonaventure,A-10,,,21,9,70.3,66.4,3.97,,4.28,,2.89,5.36,8.25,109.27,96.59,12.68
81,Arizona State,Pac-12,,,14,17,65.4,67.2,-1.84,,10.03,,0.77,7.43,8.19,101.73,89.96,11.77
82,DePaul,Big East,,,15,16,73.3,72.2,1.10,,7.05,,6.21,1.94,8.15,108.45,97.62,10.84
83,Vermont,AEC,,,28,5,74.9,60.3,14.64,,-6.32,,2.59,5.16,7.75,110.81,98.19,12.62
84,Drake,MVC,,,24,10,73.5,66.2,7.29,,1.68,,4.11,3.60,7.71,109.40,97.39,12.01
85,Nevada-Las Vegas,MWC,,,18,14,69.9,65.6,4.28,,5.06,,2.65,5.02,7.67,108.23,96.40,11.83
86,Cincinnati,AAC,,,18,15,69.4,65.9,3.48,,4.43,,2.07,5.52,7.59,105.59,94.57,11.02
87,South Carolina,SEC,,,18,13,71.0,70.3,0.71,,8.66,,3.26,4.17,7.43,102.21,91.34,10.87
88,Richmond,A-10,,,23,12,71.7,68.3,3.43,,3.98,,4.17,3.24,7.41,110.05,98.27,11.78
89,South Dakota State,Summit,,,30,4,86.7,73.4,13.32,,-3.76,,11.43,-4.23,7.21,114.74,104.28,10.46
90,Toledo,MAC (West),,,26,7,80.7,68.5,12.18,,-3.33,,7.26,-0.21,7.05,110.21,100.02,10.19
91,Mississippi,SEC,,,13,19,68.1,68.7,-0.53,,7.57,,1.56,5.48,7.04,107.27,97.34,9.93
92,Tulane,AAC,,,14,15,73.1,71.7,1.41,,5.43,,6.05,0.79,6.84,109.77,99.21,10.56
93,Stanford,Pac-12,,,16,16,66.4,68.7,-2.31,,9.15,,1.23,5.61,6.83,106.43,96.79,9.64
94,Belmont,OVC,,,25,8,78.3,68.6,9.67,,-2.29,,6.39,0.38,6.77,108.69,99.00,9.69
95,New Mexico State,WAC,,,26,6,73.3,65.0,8.28,,0.54,,2.12,4.63,6.75,107.13,97.06,10.07
96,Minnesota,Big Ten,,,13,17,67.0,69.2,-2.20,,8.61,,1.69,4.72,6.41,107.65,98.54,9.11
97,Towson,CAA,,,25,8,73.2,64.0,9.18,,-2.77,,1.64,4.77,6.41,108.69,98.63,10.06
98,Central Florida,AAC,,,18,12,69.8,68.2,1.60,,4.74,,3.52,2.82,6.34,107.44,97.62,9.82
99,Furman,Southern,,,22,12,77.6,68.7,8.94,,-1.41,,5.19,1.04,6.23,112.66,102.74,9.92
100,Florida State,ACC,,,17,14,71.0,71.9,-0.94,,7.10,,3.16,3.01,6.17,105.63,96.51,9.13
101,Bradley,MVC,,,17,14,70.5,65.2,5.29,,1.55,,0.62,5.53,6.15,104.02,94.00,10.02
102,Grand Canyon,WAC,,,23,8,71.1,61.2,9.87,,-2.28,,-0.53,6.63,6.10,104.46,94.88,9.58
103,Northern Iowa,MVC,,,19,11,74.4,70.5,3.90,,3.33,,5.80,0.29,6.09,109.79,100.36,9.43
104,Chattanooga,Southern,,,27,7,74.8,64.7,10.12,,-1.38,,0.88,5.06,5.93,108.13,98.08,10.05
105,Utah,Pac-12,,,11,20,69.7,70.9,-1.16,,7.06,,3.76,2.14,5.90,107.89,99.05,8.85
106,Washington,Pac-12,,,17,15,70.6,72.3,-1.69,,7.27,,4.13,1.45,5.58,104.20,95.93,8.27
107,Louisiana Tech,CUSA,,,24,10,75.2,68.0,7.24,,0.29,,3.53,1.89,5.42,106.36,98.13,8.22
108,Iona,MAAC,,,25,7,75.3,68.3,6.97,,-1.85,,4.76,0.36,5.12,105.86,98.33,7.53
109,Temple,AAC,,,17,12,66.8,66.4,0.31,,4.46,,-0.32,5.09,4.77,102.25,95.24,7.01
110,Butler,Big East,,,14,19,63.8,66.9,-3.09,,9.38,,-2.59,7.27,4.67,102.92,96.58,6.35
111,California,Pac-12,,,12,20,63.1,66.1,-3.00,,7.51,,-2.98,7.49,4.51,102.02,95.56,6.46
112,George Mason,A-10,,,14,16,70.7,68.5,2.20,,2.14,,1.14,3.21,4.34,105.90,98.97,6.93
113,Nevada,MWC,,,13,18,72.5,73.7,-1.13,,6.53,,5.41,-1.25,4.16,106.37,99.68,6.69
114,Middle Tennessee,CUSA,,,23,10,74.4,67.2,7.24,,-0.95,,2.57,1.39,3.96,104.52,97.81,6.71
115,Louisville,ACC,,,13,19,67.3,70.1,-2.78,,6.71,,0.73,3.20,3.92,103.32,97.69,5.63
116,Boston College,ACC,,,13,20,66.9,68.1,-1.18,,4.85,,-0.26,3.93,3.67,104.75,98.69,6.06
117,Nebraska,Big Ten,,,10,22,73.3,78.5,-5.25,,8.74,,7.46,-3.97,3.49,106.29,100.25,6.04
118,NC State,ACC,,,11,21,73.0,75.6,-2.59,,6.06,,5.54,-2.07,3.47,109.07,103.26,5.81
119,Western Kentucky,CUSA,,,19,13,75.4,69.2,6.25,,0.38,,3.70,-0.25,3.45,106.03,100.25,5.78
120,Stephen F. Austin,WAC,,,22,9,74.7,68.1,6.68,,-1.25,,1.58,1.80,3.38,101.79,96.92,4.86
121,Missouri,SEC,,,12,21,65.5,70.5,-5.00,,9.47,,-0.59,3.90,3.31,103.99,98.79,5.20
122,Southern Illinois,MVC,,,16,15,64.0,61.4,2.68,,1.06,,-5.87,9.03,3.16,102.44,97.18,5.26
123,Florida Atlantic,CUSA,,,19,14,74.2,67.9,6.27,,-1.67,,2.42,0.62,3.03,106.31,101.10,5.21
124,Rhode Island,A-10,,,15,16,67.1,65.0,2.13,,1.31,,-2.63,5.64,3.01,99.66,94.77,4.89
125,Princeton,Ivy,,,23,7,79.8,70.1,9.73,,-3.89,,5.69,-2.98,2.72,110.63,105.88,4.75
126,Utah Valley,WAC,,,20,12,71.2,65.1,6.09,,-1.29,,-1.11,3.79,2.68,101.85,97.76,4.08
127,Abilene Christian,WAC,,,23,10,76.3,66.4,9.94,,-2.10,,3.01,-0.35,2.66,101.98,98.42,3.56
128,Seattle,WAC,,,23,9,74.8,66.6,8.22,,-3.78,,1.25,1.04,2.29,99.62,96.23,3.39
129,Buffalo,MAC (East),,,19,11,79.9,72.3,7.67,,-2.90,,6.70,-4.49,2.20,106.01,102.86,3.15
130,Wofford,Southern,,,19,13,72.6,66.3,6.31,,-1.43,,-1.30,3.44,2.14,106.62,102.50,4.13
131,Ohio,MAC (East),,,24,9,73.9,67.4,6.58,,-4.06,,0.33,1.77,2.10,103.74,100.23,3.51
132,Liberty,A-Sun,,,22,11,73.4,63.5,9.91,,-3.78,,-0.40,2.48,2.09,105.37,101.04,4.33
133,UC Irvine,Big West,,,15,10,66.2,60.3,5.96,,-0.52,,-5.10,7.11,2.00,98.66,95.40,3.26
134,Georgetown,Big East,,,6,25,70.7,77.0,-6.32,,8.29,,4.99,-3.03,1.96,106.11,102.90,3.22
135,Georgia Tech,ACC,,,12,20,68.6,70.8,-2.16,,5.75,,0.18,1.73,1.91,100.59,97.57,3.03
136,Tulsa,AAC,,,11,20,67.4,69.9,-2.52,,4.31,,0.27,1.52,1.79,104.05,101.13,2.93
137,UC Santa Barbara,Big West,,,17,11,73.8,65.8,8.04,,-4.00,,0.96,0.81,1.77,104.84,101.53,3.31
138,New Mexico,MWC,,,13,19,74.3,75.3,-1.09,,4.72,,7.30,-5.64,1.65,106.08,103.30,2.78
139,Hofstra,CAA,,,21,11,77.9,72.9,5.03,,-0.80,,5.45,-3.85,1.60,107.73,104.90,2.82
140,Saint Joseph's,A-10,,,11,19,67.6,69.1,-1.47,,2.62,,-0.12,1.27,1.15,100.35,98.17,2.19
141,Morehead State,OVC,,,23,11,70.0,63.5,6.50,,-3.12,,-2.96,4.07,1.11,101.95,99.31,2.64
142,South Alabama,Sun Belt,,,19,11,71.4,63.2,8.20,,-3.14,,-1.08,2.02,0.94,102.43,100.45,1.98
143,Colgate,Patriot,,,23,11,76.1,67.1,8.94,,-6.96,,2.19,-1.36,0.83,106.19,104.18,2.01
144,Saint Peter's,MAAC,,,19,11,66.9,61.8,5.10,,-3.10,,-5.34,6.17,0.83,96.98,94.68,2.30
145,Akron,MAC (East),,,24,9,71.2,62.8,8.36,,-4.32,,-3.91,4.72,0.81,104.80,102.69,2.11
146,East Carolina,AAC,,,15,15,68.8,70.9,-2.17,,2.77,,1.19,-0.59,0.61,102.09,100.83,1.26
147,Montana State,Big Sky,,,27,7,77.0,68.5,8.50,,-6.04,,0.43,0.06,0.49,101.80,100.58,1.21
148,Sam Houston State,WAC,,,19,14,68.8,63.1,5.76,,-0.81,,-4.19,4.61,0.43,100.10,98.38,1.72
149,Texas State,Sun Belt,,,21,8,70.4,63.2,7.21,,-2.63,,-2.48,2.85,0.37,105.37,104.08,1.29
150,Kent State,MAC (East),,,23,10,71.0,64.7,6.36,,-2.81,,-3.35,3.71,0.36,100.24,99.33,0.91
151,Cal State Fullerton,Big West,,,21,10,70.3,66.2,4.10,,-2.59,,-1.08,1.39,0.31,103.64,102.60,1.04
152,College of Charleston,CAA,,,17,15,78.2,76.4,1.75,,-1.54,,7.22,-7.01,0.21,102.41,101.61,0.81
153,UTEP,CUSA,,,19,13,68.8,66.5,2.31,,-0.17,,-2.42,2.62,0.20,100.13,99.14,0.98
154,Long Beach State,Big West,,,20,12,73.9,72.4,1.53,,0.47,,4.09,-3.95,0.13,102.76,102.26,0.50
155,Longwood,Big South,,,26,6,76.3,65.1,11.28,,-6.98,,0.27,-0.15,0.13,105.12,103.68,1.44
156,Delaware,CAA,,,22,12,73.8,69.9,3.88,,-2.71,,1.64,-1.53,0.11,105.81,104.81,1.00
157,Pittsburgh,ACC,,,11,21,61.5,68.1,-6.53,,6.62,,-5.18,5.27,0.09,100.16,100.45,-0.29
158,Yale,Ivy,,,19,11,72.3,68.8,3.50,,-1.97,,-0.27,0.34,0.07,99.61,98.79,0.81
159,Jacksonville State,A-Sun,,,21,10,73.9,66.8,7.13,,-4.36,,-1.34,1.35,0.02,104.32,103.02,1.31
160,Coastal Carolina,Sun Belt,,,16,13,72.8,65.3,7.52,,-2.39,,-1.52,1.48,-0.03,100.88,100.67,0.21
161,Hawaii,Big West,,,17,11,68.9,64.1,4.71,,-2.63,,-3.21,3.12,-0.10,101.69,101.41,0.28
162,Georgia,SEC,,,6,26,69.8,78.5,-8.69,,8.33,,4.64,-5.00,-0.36,107.55,107.48,0.06
163,Oral Roberts,Summit,,,19,12,83.3,74.4,8.90,,-4.00,,7.44,-7.80,-0.36,107.26,107.78,-0.51
164,Illinois State,MVC,,,13,20,74.2,74.7,-0.58,,1.05,,4.50,-4.97,-0.46,105.01,105.02,-0.01
165,Drexel,CAA,,,15,14,72.8,70.3,2.55,,-2.10,,-0.57,0.09,-0.49,103.19,103.09,0.11
166,UC Riverside,Big West,,,16,12,66.6,63.7,2.89,,-1.47,,-3.21,2.70,-0.51,99.12,99.38,-0.27
167,Massachusetts,A-10,,,15,17,75.7,78.1,-2.38,,1.85,,8.41,-8.94,-0.52,110.59,110.98,-0.39
168,Monmouth,MAAC,,,21,13,68.6,67.3,1.29,,-2.09,,-1.89,1.09,-0.79,100.78,101.62,-0.84
169,Fordham,A-10,,,16,16,66.1,66.8,-0.69,,-0.11,,-4.71,3.91,-0.80,93.89,94.10,-0.21
170,Wagner,NEC,,,21,6,74.4,64.7,9.74,,-8.81,,-1.27,0.34,-0.92,100.49,101.36,-0.87
171,Oregon State,Pac-12,,,3,28,68.3,78.1,-9.84,,8.88,,2.72,-3.67,-0.96,105.78,107.70,-1.92
172,North Dakota State,Summit,,,23,10,74.8,68.7,6.12,,-4.12,,-1.43,0.38,-1.06,100.99,102.34,-1.35
173,Georgia State,Sun Belt,,,18,10,70.6,64.8,5.86,,-2.31,,-1.54,0.31,-1.23,99.77,100.58,-0.81
174,Old Dominion,CUSA,,,13,19,66.5,67.0,-0.56,,-0.02,,-4.81,3.56,-1.25,99.73,101.12,-1.39
175,Oakland,Horizon,,,20,12,74.4,68.6,5.81,,-3.79,,-0.29,-1.00,-1.29,101.67,103.49,-1.82
176,Valparaiso,MVC,,,14,18,70.8,70.5,0.22,,1.15,,-0.62,-0.66,-1.29,102.89,104.39,-1.50
177,Portland,WCC,,,18,14,73.9,72.0,1.88,,-0.44,,0.99,-2.40,-1.40,101.58,102.89,-1.30
178,Weber State,Big Sky,,,21,12,76.2,70.3,5.88,,-4.92,,1.94,-3.38,-1.44,102.58,104.35,-1.77
179,Appalachian State,Sun Belt,,,19,15,67.1,63.1,3.97,,-1.47,,-5.23,3.77,-1.47,99.18,100.64,-1.47
180,Charlotte,CUSA,,,17,14,70.0,71.2,-1.19,,-0.32,,-0.59,-0.93,-1.51,105.02,107.20,-2.17
181,Cleveland State,Horizon,,,20,11,75.4,69.9,5.42,,-5.39,,2.32,-3.84,-1.53,102.73,104.89,-2.16
182,Winthrop,Big South,,,23,9,75.2,70.2,5.03,,-3.62,,2.63,-4.18,-1.55,104.83,106.38,-1.55
183,Loyola Marymount,WCC,,,11,18,69.3,74.1,-4.76,,3.55,,0.54,-2.17,-1.63,105.63,108.08,-2.45
184,VMI,Southern,,,16,15,79.1,73.6,5.45,,-1.98,,5.61,-7.49,-1.87,108.08,110.00,-1.92
185,Jacksonville,A-Sun,,,21,10,67.1,59.3,7.81,,-5.10,,-9.20,7.25,-1.95,98.26,100.05,-1.79
186,Southern Utah,Big Sky,,,20,11,78.4,72.8,5.58,,-5.12,,2.99,-4.94,-1.95,102.89,105.16,-2.28
187,Wright State,Horizon,,,21,13,75.5,71.1,4.41,,-5.66,,2.16,-4.27,-2.12,103.76,106.45,-2.69
188,UNC Greensboro,Southern,,,17,14,65.0,64.8,0.23,,-1.75,,-7.58,5.42,-2.15,97.89,100.47,-2.58
189,Gardner-Webb,Big South,,,18,13,69.5,64.2,5.32,,-4.37,,-5.39,3.08,-2.30,96.03,98.18,-2.16
190,UNC Wilmington,CAA,,,23,9,70.3,68.0,2.34,,-3.52,,-2.34,0.03,-2.32,100.93,103.57,-2.64
191,Louisiana,Sun Belt,,,16,15,71.1,69.4,1.68,,-2.71,,-0.18,-2.32,-2.50,98.84,101.84,-2.99
192,East Tennessee State,Southern,,,15,17,72.1,73.0,-0.94,,-0.20,,-0.12,-2.48,-2.60,105.47,108.53,-3.06
193,Rice,CUSA,,,16,16,74.4,73.6,0.81,,-1.14,,3.28,-5.98,-2.70,104.32,108.59,-4.26
194,Samford,Southern,,,21,11,74.7,73.8,0.84,,-1.56,,1.71,-4.52,-2.81,102.71,105.79,-3.09
195,Tarleton State,WAC,,,14,17,64.6,65.3,-0.74,,-0.15,,-6.70,3.87,-2.82,98.98,102.49,-3.52
196,Northern Kentucky,Horizon,,,20,12,69.9,65.1,4.81,,-5.84,,-4.58,1.74,-2.84,100.19,103.77,-3.59
197,South Florida,AAC,,,8,23,57.5,64.9,-7.45,,4.60,,-9.71,6.85,-2.85,91.49,95.81,-4.32
198,Florida Gulf Coast,A-Sun,,,21,11,77.4,73.2,4.25,,-4.83,,4.45,-7.31,-2.86,103.77,107.60,-3.83
199,San Diego,WCC,,,15,16,65.8,67.3,-1.45,,1.87,,-5.21,2.29,-2.92,96.56,100.79,-4.23
200,Navy,Patriot,,,21,11,65.0,60.1,4.84,,-6.35,,-8.26,5.34,-2.93,93.46,96.68,-3.22
201,Texas Southern,SWAC,,,19,12,69.5,65.5,3.90,,-6.88,,-3.76,0.78,-2.98,95.76,99.57,-3.80
202,Arkansas State,Sun Belt,,,18,11,70.9,68.1,2.79,,-3.30,,-2.26,-0.81,-3.07,98.62,101.91,-3.30
203,Indiana State,MVC,,,11,20,70.5,71.9,-1.48,,2.28,,-0.17,-2.98,-3.15,98.26,101.94,-3.68
204,Troy,Sun Belt,,,20,11,69.2,65.1,4.06,,-3.54,,-4.03,0.88,-3.15,96.88,100.53,-3.65
205,California Baptist,WAC,,,18,15,71.0,67.3,3.76,,-3.23,,-2.24,-0.99,-3.23,98.68,102.91,-4.23
206,UC Davis,Big West,,,13,11,67.8,66.4,1.46,,-3.87,,-3.85,0.57,-3.28,96.52,100.70,-4.18
207,Mercer,Southern,,,16,17,70.5,70.5,-0.09,,-1.04,,-2.20,-1.10,-3.30,103.61,107.64,-4.02
208,Brown,Ivy,,,13,16,71.0,69.5,1.48,,-1.90,,-2.66,-0.65,-3.31,98.24,102.56,-4.32
209,La Salle,A-10,,,11,19,67.5,71.5,-4.03,,0.70,,-2.28,-1.06,-3.34,98.31,102.33,-4.02
210,Cornell,Ivy,,,15,11,79.2,74.7,4.54,,-3.41,,4.12,-7.49,-3.37,102.12,106.39,-4.27
211,Norfolk State,MEAC,,,24,6,75.1,63.7,11.37,,-10.30,,-2.96,-0.42,-3.37,99.33,102.96,-3.63
212,Niagara,MAAC,,,14,16,67.4,65.5,1.90,,-3.34,,-5.53,2.09,-3.44,99.08,103.86,-4.78
213,Bellarmine,A-Sun,,,20,13,70.1,67.2,2.94,,-0.98,,-3.51,0.04,-3.47,106.65,110.85,-4.20
214,Nicholls State,Southland,,,21,11,79.1,71.4,7.75,,-6.23,,1.12,-4.64,-3.52,99.62,103.96,-4.34
215,Pennsylvania,Ivy,,,12,16,72.0,75.5,-3.43,,-0.41,,1.52,-5.36,-3.84,103.41,108.24,-4.84
216,George Washington,A-10,,,12,18,68.4,72.8,-4.47,,0.58,,-0.84,-3.05,-3.89,97.98,102.88,-4.90
217,South Dakota,Summit,,,19,12,75.1,70.9,4.23,,-5.09,,-1.25,-2.67,-3.92,102.89,108.18,-5.29
218,Dartmouth,Ivy,,,9,16,68.4,68.2,0.16,,-2.50,,-6.21,2.22,-4.00,96.62,102.14,-5.52
219,Northern Colorado,Big Sky,,,20,15,78.2,76.8,1.37,,-3.59,,5.10,-9.31,-4.22,106.00,111.67,-5.66
220,Fairfield,MAAC,,,15,18,67.8,66.0,1.88,,-4.53,,-5.46,1.14,-4.31,98.51,103.98,-5.46
221,James Madison,CAA,,,15,14,75.1,73.2,1.90,,-1.30,,1.67,-6.00,-4.33,102.12,107.78,-5.66
222,Kennesaw State,A-Sun,,,13,18,74.8,71.2,3.65,,-2.44,,-0.08,-4.24,-4.33,103.01,108.44,-5.43
223,Bryant,NEC,,,22,9,77.9,72.7,5.16,,-7.47,,4.07,-8.48,-4.41,100.18,105.98,-5.80
224,Marshall,CUSA,,,12,21,74.0,76.5,-2.45,,0.31,,3.39,-7.80,-4.41,99.90,105.51,-5.61
225,Boston University,Patriot,,,21,12,71.3,67.4,3.88,,-7.82,,-1.46,-3.11,-4.57,103.56,109.19,-5.63
226,Marist,MAAC,,,14,16,68.8,68.2,0.60,,-5.18,,-3.38,-1.21,-4.58,98.62,104.85,-6.23
227,Harvard,Ivy,,,13,13,71.5,69.1,2.35,,-4.17,,-3.42,-1.23,-4.65,96.34,102.46,-6.12
228,Campbell,Big South,,,16,13,66.2,62.0,4.17,,-5.75,,-7.55,2.72,-4.83,99.03,105.04,-6.02
229,Southern,SWAC,,,17,14,71.9,67.8,4.06,,-6.67,,-2.87,-2.00,-4.87,95.20,101.39,-6.19
230,Kansas City,Summit,,,19,12,74.5,67.3,7.29,,-4.71,,-3.77,-1.20,-4.97,97.76,104.36,-6.60
231,Purdue-Fort Wayne,Horizon,,,21,11,73.7,69.1,4.63,,-6.87,,-2.04,-2.97,-5.01,97.44,104.42,-6.97
232,Eastern Washington,Big Sky,,,18,15,76.9,74.3,2.61,,-5.27,,1.91,-6.95,-5.04,101.13,107.99,-6.86
233,UNC Asheville,Big South,,,16,14,74.9,68.2,6.67,,-5.62,,-1.82,-3.32,-5.14,98.72,105.50,-6.78
234,Western Illinois,Summit,,,16,15,78.7,77.1,1.58,,-5.23,,2.34,-7.53,-5.19,99.28,106.38,-7.11
235,UT Arlington,Sun Belt,,,11,18,67.2,68.7,-1.55,,-0.65,,-4.55,-0.65,-5.20,95.23,102.11,-6.88
236,Air Force,MWC,,,11,18,59.0,66.0,-7.00,,1.76,,-9.24,4.00,-5.24,95.94,104.34,-8.40
237,Detroit Mercy,Horizon,,,14,15,70.4,69.7,0.79,,-4.81,,-2.49,-3.11,-5.60,103.36,111.61,-8.25
238,Miami (OH),MAC (East),,,14,18,75.3,73.5,1.78,,-3.79,,1.16,-7.16,-5.99,102.62,110.99,-8.37
239,Quinnipiac,MAAC,,,14,17,71.8,71.5,0.32,,-4.62,,0.14,-6.13,-5.99,100.56,108.41,-7.85
240,Maryland-Baltimore County,AEC,,,18,14,73.7,72.1,1.63,,-6.45,,0.64,-6.63,-6.00,101.51,109.99,-8.49
241,Northeastern,CAA,,,9,22,64.3,69.1,-4.81,,-1.34,,-7.27,1.12,-6.15,96.36,104.76,-8.40
242,Montana,Big Sky,,,18,14,72.2,66.9,5.28,,-5.88,,-5.05,-1.11,-6.16,97.26,106.12,-8.87
243,Youngstown State,Horizon,,,18,14,72.8,69.7,3.13,,-7.19,,-1.59,-4.57,-6.16,101.45,110.29,-8.84
244,Duquesne,A-10,,,6,24,65.2,73.4,-8.20,,1.99,,-3.23,-2.98,-6.21,98.14,106.88,-8.74
245,Rider,MAAC,,,14,19,67.8,69.3,-1.48,,-3.90,,-4.60,-1.62,-6.22,96.45,104.47,-8.03
246,New Hampshire,AEC,,,15,13,68.8,65.0,3.79,,-7.14,,-6.66,0.40,-6.25,101.07,109.95,-8.88
247,Florida International,CUSA,,,15,17,70.8,71.1,-0.31,,-3.12,,-3.88,-2.44,-6.32,96.54,105.10,-8.56
248,Elon,CAA,,,10,22,67.1,72.2,-5.13,,1.10,,-5.03,-1.41,-6.43,97.78,106.49,-8.71
249,High Point,Big South,,,14,18,69.5,69.8,-0.22,,-3.36,,-3.56,-2.94,-6.50,96.94,105.68,-8.74
250,Eastern Kentucky,A-Sun,,,13,18,79.3,75.1,4.19,,-5.18,,2.93,-9.48,-6.55,99.94,108.72,-8.79
251,Howard,MEAC,,,16,13,76.4,69.6,6.76,,-8.32,,0.15,-6.70,-6.55,98.56,107.07,-8.52
252,San Jose State,MWC,,,8,23,64.3,72.3,-8.03,,4.24,,-4.52,-2.05,-6.56,98.34,108.19,-9.85
253,Texas A&M-Corpus Christi,Southland,,,23,12,76.6,70.1,6.51,,-8.89,,-3.38,-3.19,-6.57,95.17,103.74,-8.57
254,UC San Diego,Big West,,,13,16,70.2,70.6,-0.34,,-3.36,,-1.44,-5.18,-6.62,99.81,109.57,-9.76
255,Stony Brook,AEC,,,18,13,72.9,73.1,-0.19,,-5.43,,0.54,-7.17,-6.63,101.53,110.90,-9.36
256,Pepperdine,WCC,,,7,25,68.2,77.5,-9.28,,3.78,,-0.58,-6.09,-6.67,96.82,105.48,-8.66
257,The Citadel,Southern,,,13,18,76.8,76.8,-0.03,,-1.91,,2.62,-9.35,-6.73,100.03,108.64,-8.61
258,Siena,MAAC,,,15,14,66.3,69.2,-2.90,,-3.88,,-5.49,-1.29,-6.78,95.44,105.00,-9.56
259,Southeast Missouri State,OVC,,,14,18,75.6,77.3,-1.72,,-4.35,,4.48,-11.33,-6.85,101.76,111.18,-9.42
260,Georgia Southern,Sun Belt,,,13,16,66.4,65.6,0.83,,-2.97,,-6.49,-0.48,-6.97,94.69,104.29,-9.60
261,Massachusetts-Lowell,AEC,,,15,16,70.7,65.8,4.87,,-6.57,,-5.24,-1.76,-7.00,94.43,103.78,-9.36
262,Tennessee Tech,OVC,,,11,21,72.8,73.7,-0.91,,-2.82,,-0.49,-6.57,-7.06,98.42,107.97,-9.55
263,Cal State Bakersfield,Big West,,,9,19,64.9,66.3,-1.46,,-1.55,,-7.63,0.52,-7.11,95.72,105.49,-9.77
264,New Orleans,Southland,,,18,13,77.3,73.9,3.39,,-7.15,,-0.45,-6.70,-7.15,95.09,104.50,-9.41
265,Portland State,Big Sky,,,14,17,73.5,72.2,1.39,,-5.37,,-2.48,-4.92,-7.40,92.81,103.15,-10.34
266,Long Island University,NEC,,,16,14,74.8,73.5,1.37,,-6.91,,1.08,-8.58,-7.50,96.74,107.10,-10.35
267,Ball State,MAC (West),,,14,17,74.3,76.8,-2.45,,-4.19,,0.59,-8.21,-7.62,99.33,109.15,-9.82
268,Pacific,WCC,,,8,22,65.9,72.7,-6.87,,0.80,,-5.04,-2.59,-7.63,94.42,104.84,-10.42
269,Canisius,MAAC,,,11,21,68.5,71.5,-3.00,,-2.61,,-4.00,-3.84,-7.83,94.19,104.92,-10.73
270,Mount St. Mary's,NEC,,,14,16,66.1,65.3,0.87,,-6.97,,-9.58,1.61,-7.97,93.71,104.26,-10.55
271,Manhattan,MAAC,,,15,15,70.9,72.6,-1.77,,-4.19,,-1.17,-6.82,-7.99,98.48,109.65,-11.17
272,North Florida,A-Sun,,,11,20,68.5,71.2,-2.65,,0.31,,-4.54,-3.58,-8.12,94.60,105.59,-10.99
273,Dixie State,WAC,,,13,18,72.5,74.1,-1.58,,-0.23,,-1.95,-6.28,-8.23,94.08,104.49,-10.41
274,Lipscomb,A-Sun,,,14,19,74.0,76.8,-2.85,,-3.16,,-0.04,-8.26,-8.30,100.61,111.30,-10.70
275,Loyola (MD),Patriot,,,14,16,66.1,65.7,0.47,,-7.95,,-8.13,-0.27,-8.40,94.35,105.86,-11.51
276,Presbyterian,Big South,,,12,20,67.8,67.9,-0.13,,-3.58,,-7.30,-1.11,-8.40,93.77,105.31,-11.54
277,Alcorn State,SWAC,,,17,17,66.5,71.1,-4.56,,-3.88,,-4.80,-3.64,-8.44,94.82,106.18,-11.36
278,Louisiana-Monroe,Sun Belt,,,13,18,72.5,74.3,-1.87,,-2.33,,-1.45,-6.98,-8.44,98.72,110.34,-11.62
279,Illinois-Chicago,Horizon,,,14,16,72.0,72.9,-0.97,,-6.05,,-0.52,-7.94,-8.47,97.55,109.93,-12.38
280,Bowling Green State,MAC (East),,,13,18,80.3,80.5,-0.23,,-4.10,,5.18,-13.66,-8.48,101.15,112.61,-11.47
281,Southeastern Louisiana,Southland,,,19,14,79.1,78.0,1.15,,-5.66,,1.25,-10.22,-8.97,100.38,112.07,-11.69
282,Tennessee State,OVC,,,14,18,71.3,70.2,1.13,,-6.99,,-4.71,-4.31,-9.02,95.60,107.81,-12.21
283,South Carolina Upstate,Big South,,,15,16,71.2,72.8,-1.61,,-4.18,,-1.58,-7.53,-9.11,98.59,110.68,-12.09
284,Radford,Big South,,,11,18,63.2,67.4,-4.24,,-3.89,,-9.44,0.21,-9.23,92.47,105.64,-13.17
285,Denver,Summit,,,11,21,70.5,74.4,-3.84,,-5.47,,-3.87,-5.77,-9.64,97.33,110.76,-13.43
286,Albany (NY),AEC,,,13,18,61.8,65.9,-4.03,,-5.69,,-10.73,1.01,-9.73,89.20,102.59,-13.39
287,Austin Peay,OVC,,,12,17,64.7,69.1,-4.45,,-3.13,,-8.40,-1.36,-9.76,93.34,107.44,-14.10
288,Jackson State,SWAC,,,11,19,61.0,65.5,-4.50,,-5.27,,-12.17,2.41,-9.77,89.85,102.75,-12.91
289,Texas-Rio Grande Valley,WAC,,,8,23,71.4,78.6,-7.29,,-0.88,,1.43,-11.21,-9.78,98.08,111.07,-12.99
290,North Carolina A&T,Big South,,,12,20,67.7,70.3,-2.59,,-4.35,,-5.13,-4.67,-9.80,94.90,108.39,-13.48
291,Hartford,AEC,,,12,20,69.8,72.2,-2.34,,-7.59,,-2.80,-7.13,-9.93,98.75,112.61,-13.86
292,SIU Edwardsville,OVC,,,11,21,67.5,69.9,-2.41,,-4.35,,-5.42,-4.60,-10.02,91.72,105.09,-13.37
293,Northern Illinois,MAC (West),,,9,21,64.1,71.5,-7.43,,-2.64,,-8.36,-1.71,-10.08,90.83,104.63,-13.80
294,Cal Poly,Big West,,,7,21,61.5,67.3,-5.86,,-2.90,,-9.65,-0.55,-10.19,90.76,105.66,-14.90
295,Stetson,A-Sun,,,11,19,69.7,71.5,-1.80,,-3.93,,-5.89,-4.31,-10.20,94.49,109.09,-14.60
296,Prairie View,SWAC,,,8,19,69.5,76.3,-6.81,,-3.40,,-1.33,-8.89,-10.22,95.42,108.41,-12.99
297,UTSA,CUSA,,,10,22,67.3,72.3,-5.00,,-1.33,,-5.01,-5.28,-10.29,92.93,107.22,-14.29
298,Binghamton,AEC,,,12,17,67.7,68.4,-0.72,,-6.10,,-7.13,-3.19,-10.32,91.56,106.26,-14.71
299,Western Carolina,Southern,,,11,21,70.7,77.3,-6.59,,-1.77,,-2.49,-7.87,-10.35,96.87,111.12,-14.26
300,Eastern Michigan,MAC (West),,,10,21,69.1,76.0,-6.87,,-2.62,,-3.20,-7.26,-10.46,92.23,106.79,-14.57
301,Army,Patriot,,,15,16,70.4,70.4,0.03,,-7.48,,-3.93,-6.55,-10.48,93.81,107.90,-14.09
302,Merrimack,NEC,,,14,16,61.4,64.4,-2.93,,-6.59,,-12.72,2.09,-10.63,90.85,106.19,-15.35
303,Evansville,MVC,,,6,24,59.2,70.7,-11.57,,1.70,,-10.11,-0.53,-10.64,91.42,108.14,-16.72
304,St. Thomas (MN),Summit,,,10,20,74.7,75.3,-0.63,,-5.12,,-1.63,-9.05,-10.68,104.23,119.44,-15.21
305,Lehigh,Patriot,,,13,19,68.4,71.4,-2.94,,-7.48,,-4.07,-6.67,-10.74,94.83,110.23,-15.40
306,Tennessee-Martin,OVC,,,8,22,68.9,73.5,-4.63,,-2.75,,-4.73,-6.12,-10.85,92.96,107.67,-14.70
307,North Alabama,A-Sun,,,9,21,69.4,68.5,0.83,,-2.96,,-9.18,-1.90,-11.08,89.06,104.13,-15.07
308,North Carolina Central,MEAC,,,16,15,72.8,68.4,4.39,,-7.23,,-5.90,-5.26,-11.16,92.84,107.57,-14.73
309,McNeese State,Southland,,,11,22,78.2,77.4,0.73,,-4.77,,-0.71,-10.79,-11.50,95.33,110.17,-14.84
310,Cal State Northridge,Big West,,,7,23,61.6,71.2,-9.67,,-1.01,,-8.55,-3.07,-11.62,92.54,109.92,-17.38
311,Sacramento State,Big Sky,,,11,18,65.4,70.2,-4.72,,-5.01,,-9.67,-2.04,-11.71,92.60,109.48,-16.88
312,Alabama State,SWAC,,,10,21,69.7,75.2,-5.55,,-5.21,,-3.00,-8.82,-11.81,94.55,110.23,-15.68
313,Little Rock,Sun Belt,,,9,19,66.7,73.1,-6.39,,-0.49,,-4.79,-7.02,-11.81,95.66,112.81,-17.14
314,Florida A&M,SWAC,,,13,17,65.0,68.8,-3.80,,-6.50,,-9.00,-2.94,-11.93,92.45,108.81,-16.35
315,Central Michigan,MAC (West),,,7,23,65.9,77.0,-11.03,,-1.07,,-5.71,-6.39,-12.10,93.52,110.06,-16.54
316,Grambling,SWAC,,,12,20,65.4,71.0,-5.66,,-4.84,,-6.36,-5.75,-12.11,91.48,107.72,-16.25
317,Robert Morris,Horizon,,,8,24,69.4,74.7,-5.31,,-5.18,,-4.31,-7.90,-12.21,96.20,113.59,-17.39
318,Morgan State,MEAC,,,13,14,75.4,72.4,2.96,,-7.88,,-3.43,-8.92,-12.36,90.85,106.77,-15.93
319,Maryland-Eastern Shore,MEAC,,,11,15,66.8,66.4,0.38,,-7.23,,-9.87,-2.54,-12.41,88.81,105.62,-16.82
320,Lafayette,Patriot,,,10,20,67.8,72.8,-5.03,,-6.62,,-6.93,-5.62,-12.55,95.43,112.92,-17.49
321,Coppin State,MEAC,,,9,23,66.9,74.7,-7.75,,-4.82,,-5.15,-7.42,-12.57,89.85,106.24,-16.38
322,South Carolina State,MEAC,,,15,16,71.8,72.5,-0.71,,-8.20,,-5.34,-7.51,-12.85,90.17,106.67,-16.50
323,Idaho,Big Sky,,,9,22,73.0,79.6,-6.61,,-4.45,,-0.48,-12.38,-12.86,97.09,114.80,-17.71
324,Milwaukee,Horizon,,,10,22,64.8,70.8,-5.97,,-6.00,,-8.84,-4.03,-12.87,90.57,109.02,-18.45
325,Northern Arizona,Big Sky,,,9,23,67.5,73.3,-5.81,,-3.73,,-8.32,-4.81,-13.13,93.16,112.31,-19.15
326,Western Michigan,MAC (West),,,8,23,65.4,75.1,-9.74,,-1.92,,-8.20,-4.94,-13.13,94.17,112.68,-18.50
327,Sacred Heart,NEC,,,10,20,72.7,75.1,-2.47,,-8.70,,-2.78,-10.54,-13.32,98.03,116.83,-18.80
328,St. Francis (NY),NEC,,,10,20,67.2,70.5,-3.30,,-7.80,,-8.14,-5.21,-13.35,91.52,110.02,-18.51
329,Hampton,Big South,,,9,19,64.8,69.5,-4.71,,-5.92,,-8.29,-5.17,-13.46,88.69,107.32,-18.62
330,Southern Mississippi,CUSA,,,7,26,64.4,74.9,-10.45,,-0.30,,-6.85,-6.64,-13.49,92.79,111.83,-19.04
331,Green Bay,Horizon,,,5,25,61.7,68.9,-7.20,,-5.12,,-11.01,-2.56,-13.57,90.61,110.90,-20.29
332,Central Arkansas,A-Sun,,,11,20,73.2,81.1,-7.94,,-1.47,,-0.10,-13.52,-13.61,95.48,113.31,-17.83
333,Northwestern State,Southland,,,9,23,73.8,80.4,-6.56,,-2.93,,-1.30,-12.49,-13.79,95.71,113.55,-17.85
334,Chicago State,WAC,,,7,25,62.1,74.4,-12.28,,-1.63,,-7.80,-6.11,-13.91,93.00,112.47,-19.47
335,William & Mary,CAA,,,5,27,63.9,74.4,-10.50,,-2.07,,-7.78,-6.32,-14.10,88.05,108.01,-19.96
336,Alabama A&M,SWAC,,,12,18,61.4,67.0,-5.57,,-8.62,,-13.10,-1.09,-14.19,83.54,102.50,-18.96
337,Houston Baptist,Southland,,,11,18,75.5,76.6,-1.03,,-6.46,,-3.76,-10.46,-14.22,93.10,113.07,-19.97
338,Saint Francis (PA),NEC,,,9,21,68.6,73.5,-4.90,,-7.71,,-6.75,-7.62,-14.37,91.71,112.34,-20.63
339,Bethune-Cookman,SWAC,,,9,21,63.4,69.5,-6.17,,-6.48,,-9.84,-4.64,-14.48,90.16,110.75,-20.59
340,NJIT,AEC,,,11,18,63.0,70.0,-7.03,,-6.08,,-10.30,-4.24,-14.54,88.00,108.96,-20.96
341,Bucknell,Patriot,,,9,23,71.2,79.4,-8.25,,-6.34,,-1.92,-12.67,-14.59,97.07,117.64,-20.57
342,Idaho State,Big Sky,,,7,23,64.4,71.5,-7.17,,-4.97,,-11.35,-3.30,-14.65,90.48,111.88,-21.40
343,American,Patriot,,,10,22,63.5,70.9,-7.47,,-7.83,,-10.37,-4.92,-15.30,90.95,112.74,-21.79
344,Lamar,WAC,,,2,27,61.3,73.0,-11.66,,-2.28,,-9.93,-5.61,-15.54,89.56,111.55,-21.99
345,North Dakota,Summit,,,6,25,70.3,78.8,-8.58,,-4.79,,-5.49,-10.61,-16.10,94.06,116.79,-22.72
346,Omaha,Summit,,,5,25,69.6,83.5,-13.90,,-1.78,,-3.48,-13.03,-16.51,94.87,117.82,-22.94
347,Incarnate Word,Southland,,,7,25,67.0,76.4,-9.38,,-4.06,,-9.70,-7.05,-16.75,92.95,116.42,-23.48
348,Holy Cross,Patriot,,,9,22,65.2,70.7,-5.48,,-7.84,,-10.10,-6.70,-16.81,88.66,112.87,-24.20
349,Central Connecticut State,NEC,,,8,24,61.8,72.1,-10.34,,-6.97,,-12.01,-5.30,-17.31,87.58,112.22,-24.64
350,Columbia,Ivy,,,4,22,67.4,78.8,-11.42,,-4.58,,-6.02,-11.45,-17.46,90.54,114.57,-24.04
351,Charleston Southern,Big South,,,6,25,68.5,76.0,-7.55,,-4.23,,-7.78,-9.81,-17.58,89.68,113.32,-23.64
352,Fairleigh Dickinson,NEC,,,4,22,67.2,79.2,-11.92,,-6.08,,-5.63,-12.38,-18.01,91.26,116.19,-24.94
353,Maine,AEC,,,6,23,62.4,71.1,-8.69,,-5.26,,-10.76,-7.54,-18.30,88.74,114.86,-26.12
354,Arkansas-Pine Bluff,SWAC,,,7,24,66.3,78.3,-11.97,,-4.31,,-6.35,-12.34,-18.69,92.78,118.56,-25.79
355,Eastern Illinois,OVC,,,5,26,56.3,71.1,-14.81,,-3.61,,-17.85,-2.86,-20.71,80.99,110.95,-29.96
356,Mississippi Valley State,SWAC,,,2,26,67.2,83.0,-15.75,,-6.15,,-5.39,-16.51,-21.90,88.82,117.62,-28.81
357,Delaware State,MEAC,,,2,26,62.8,73.5,-10.75,,-7.21,,-13.14,-9.31,-22.45,83.04,113.69,-30.65
358,IUPUI,Horizon,,,3,26,52.4,67.1,-14.66,,-6.23,,-21.75,-1.55,-23.31,76.55,112.28,-35.72